-618,-824,-621      686,422,578         459,-707,401
-537,-823,-458      605,423,415         -739,-1745,668
-447,-329,318       515,917,-361        -485,-357,347
404,-588,-901       -336,658,858        432,-2009,850
544,-627,-890       -476,619,847        528,-643,409
528,-643,409        -460,603,-452       423,-701,434
-661,-816,-575      729,430,532         -345,-311,381
390,-675,-793       -322,571,750        408,-1815,803
423,-701,434        -355,545,-477       534,-1912,768
-345,-311,381       413,935,-424        -687,-1600,576
459,-707,401        -391,539,-444       -447,-329,318
-485,-357,347       553,889,-390        -635,-1737,486

1,1,1               1,-1,1


-618,-824,-621      686,422,578         459,-707,401
-537,-823,-458      605,423,415         -739,-1745,668
-81,-1,163          81,-1,163           1198,1038,267


[515, 917, -361]: [-743, 427, -804],
[-466, -666, -811]: [-293, -554, 779],
981, 1583, 450      450, 981, -1583





/////////////////
Generated matches
[{ // between 0 - 1
    [404, -588, -901]: [-336, 658, 858],
    [-345, -311, 381]: [413, 935, -424],
    [-485, -357, 347]: [553, 889, -390],
    [459, -707, 401]: [-391, 539, -444],
    [544, -627, -890]: [-476, 619, 847],
    [390, -675, -793]: [-322, 571, 750],
    [-618, -824, -621]: [686, 422, 578],
    [423, -701, 434]: [-355, 545, -477],
    [528, -643, 409]: [-460, 603, -452],
    [-447, -329, 318]: [515, 917, -361],
    [-537, -823, -458]: [605, 423, 415],
    [-661, -816, -575]: [729, 430, 532]
}, { // between 1 - 3
    [669, -402, 600]: [509, 732, 623],
    [755, -354, -619]: [595, 780, -596],
    [586, -435, 557]: [426, 699, 580],
    [-364, -763, -893]: [-524, 371, -870],
    [-340, -569, -846]: [-500, 565, -823],
    [703, -491, -529]: [543, 643, -506],
    [567, -361, 727]: [407, 773, 750],
    [-328, -685, 520]: [-488, 449, 543],
    [-429, -592, 574]: [-589, 542, 597],
    [807, -499, -711]: [647, 635, -688],
    [-466, -666, -811]: [-626, 468, -788],
    [-500, -761, 534]: [-660, 373, 557]
}, { // between 1 - 4
    [515, 917, -361]: [-743, 427, -804],
    [-466, -666, -811]: [-293, -554, 779],
    [-340, -569, -846]: [-258, -428, 682],
    [703, -491, -529]: [-575, 615, 604],
    [553, 889, -390]: [-714, 465, -776],
    [-460, 603, -452]: [-652, -548, -490],
    [807, -499, -711]: [-393, 719, 612],
    [-364, -763, -893]: [-211, -452, 876],
    [-355, 545, -477]: [-627, -443, -432],
    [413, 935, -424]: [-680, 325, -822],
    [-391, 539, -444]: [-660, -479, -426],
    [755, -354, -619]: [-485, 667, 467]
}, { // between 2 - 4
    [493, 664, -388]: [832, -632, 460],
    [609, 671, -379]: [839, -516, 451],
    [646, -828, 498]: [-660, -479, -426],
    [577, -820, 562]: [-652, -548, -490],
    [571, -461, -707]: [-293, -554, 779],
    [578, 704, 681]: [872, -547, -609],
    [673, -379, -804]: [-211, -452, 876],
    [697, -426, -610]: [-258, -428, 682],
    [500, 723, -460]: [891, -625, 532],
    [640, 759, 510]: [927, -485, -438],
    [682, -795, 504]: [-627, -443, -432],
    [649, 640, 665]: [808, -476, -593]
}]